33
7
38
5
7
38
47
65
61
38
24
46
40
47
49
38
50
38
50
38
50
38
50
38
47
39
1
26
40
47
64
47
12
9
32
38
47
44
38
20
59
14
23
36
40
47
49
38
50
38
50
38
50
38
50
38
47
39
1
26
40
47
64
47
53
23
45
40
53
23
45
40
47
3
23
37
67
23
18
40
47
53
23
45
40
53
23
45
40
47
16
15
27
66
51
40
47
64
47
62
34
38
2
34
38
47
62
48
21
52
40
47
49
38
50
38
50
38
50
38
50
38
47
39
1
26
40
47
64
47
25
29
23
0
54
10
38
47
22
38
23
6
40
47
49
38
50
38
50
38
50
38
50
38
47
39
1
26
40
47
64
47
53
23
45
40
53
23
45
40
47
4
43
30
40
47
53
23
45
40
53
23
45
40
47
8
31
23
55
41
40
47
63
60
23
17
40
47
13
60
23
45
40
47
35
23
28
56
40
47
64
47
58
38
11
23
57
38
47
33
27
19
38
55
23
42
40
47
49
38
50
38
50
38
50
38
50
38
47
39
1
26
40
47
64
47
33
7
38
5
7
38
47
65
61
38
24
46
40
47
49
38
50
38
50
38
50
38
50
38
47
39
1
26
40
47
64
47
53
23
45
40
53
23
45
40
47
4
43
30
40
47
53
23
45
40
53
23
45
40
47
8
31
23
55
41
40
47
64
47
53
23
45
40
53
23
45
40
47
3
23
37
67
23
18
40
47
53
23
45
40
53
23
45
40
47
16
15
27
66
51
40
