aábcdeéfghiíjklmnoóöőpqrstuúüűvwxyzAÁBCDEÉFGHIÍJKLMNOÓÖŐPQRSTUÚÜŰVWXYZ ,.!
63
24
24
70
0
70
13
0
14
0
21
1
3
3
24
0
14
70
0
70
24
34
17
15
17
23
27
70
25
17
12
1
24
23
0
73
75
74
44
17
23
21
0
4
12
17
16
71
70
25
19
23
12
19
16
70
24
34
6
25
73
75
74
63
24
24
70
0
70
13
0
14
0
21
1
3
3
24
0
14
70
0
70
24
34
17
15
17
23
27
70
25
17
12
1
24
23
0
73
75
74
47
19
12
12
19
16
70
9
1
25
70
0
70
2
17
14
4
17
8
24
1
8
73
75
74
63
24
24
70
0
70
13
0
14
0
21
1
3
3
24
0
14
70
0
70
24
34
17
15
17
23
27
70
25
17
12
1
24
23
0
73
75
74
44
17
23
21
0
4
12
17
16
71
70
25
19
23
12
19
16
70
24
34
6
25
73
75
74
63
24
24
70
0
70
13
0
14
0
21
1
3
3
24
0
14
70
0
70
24
34
17
15
17
23
27
70
25
17
12
1
24
23
0
73
75
74
47
19
12
12
19
16
70
9
1
25
70
0
70
2
17
14
4
17
8
24
1
8
73
75
74
75
74
41
23
10
13
70
0
70
24
34
20
14
20
71
70
9
0
12
14
10
13
70
0
70
30
5
24
24
34
20
75
74
37
17
4
17
23
70
0
70
14
5
30
5
14
5
71
70
2
0
2
1
15
70
8
33
5
23
5
70
2
5
73
75
74
48
6
25
70
24
34
5
8
6
16
33
70
14
5
8
6
16
33
70
24
34
1
16
25
0
16
10
70
15
5
16
16
5
71
75
74
65
0
16
70
30
5
23
5
24
70
9
0
8
33
15
0
71
70
4
5
70
16
10
16
3
24
5
16
70
13
5
16
33
5
23
5
73
75
74
75
74
50
10
16
4
5
16
70
12
18
71
70
9
0
70
12
18
70
0
70
30
6
8
5
73
75
74
42
5
14
5
12
25
24
70
5
14
70
15
10
16
4
5
16
25
71
70
0
15
10
70
23
17
24
24
34
70
30
17
14
25
73
75
74
35
15
10
70
23
17
24
24
34
70
30
17
14
25
73
70
35
15
10
70
23
17
24
24
34
70
9
5
14
33
73
75
74
75
74
63
24
24
70
0
70
13
0
14
0
21
1
3
3
24
0
14
70
0
70
24
34
17
15
17
23
27
70
25
17
12
1
24
23
0
73
70
44
17
23
21
0
4
12
17
16
