42803281716631975470458
54731770028146966651938
27849284916480306765981
10740565716922352868006
54428648123987708325230
26903498570514435729424
43402021584666169593774
79937432413260337562188
84192388611725796035912
66826704807867017303449
54032028899730533038326
31391245023392026819379
53096718505568727128992
58195639434748606033618
32410567698893595954151
41918267043514677622145
55123966984240520050414
57449532415485378580958
21593364743039525399628
41086530858202109547236
64566402585598457887793
60647965188769793638294
51028070841409204339861
28288881494197558755550
35655325195747883068019
49128362041393186728148
16679936235842095057134
70811086481397175401299
30875634585917565909977
46206174952845564981450
18919207945535451295927
46638546484867963791981
18445334968432556096362
22027923687107515798892
88812695855965465290259
21428053106324317219504
58918855811285984508439
39112473324491374413684
66590969162579649119982
85237362871693350683560
61213145001265749471423
48148713684260701866332
70095970862019834240614
86895479927817810241657
37929506342538008355194
63277194137893168280820
66530230990664148289910
66865732846258947369782
59495934040626119671813
88629088519436914568113
